2.  CO2 synchronization timescale for Taylor Dome Ice Core

A. Gas age:

 depth(m)    gas age (yr BP 1950)
      86       94.5
      90      149.2
      94      205.2
      98      260.9
     102      316.2
     106        372
     110      427.9
     114      483.7
     118      540.1
     122      598.1
     126      658.4
     130      722.7
     134      790.3
     138      860.5
   142.1      929.8
   146.1      995.5
   150.1     1058.1
   154.1     1119.4
   158.1     1180.7
   162.1     1243.2
   166.1       1308
   170.1     1377.6
   174.1     1454.7
   178.1     1539.6
   182.1       1633
   186.1     1731.9
   190.1     1835.6
   194.1       1940
   198.1     2045.1
   202.1       2150
   206.1     2254.5
   210.1     2361.9
   214.1     2475.5
   218.1     2594.6
   222.1     2715.6
   226.1     2835.7
   230.1     2954.2
   234.1     3070.8
   238.1     3188.2
   242.1       3308
   246.1     3429.6
   250.1     3550.6
   254.2     3670.1
   258.2     3787.9
   262.2     3905.9
   266.2     4026.1
   270.2     4153.3
   274.2     4295.3
   278.2     4454.1
   282.2     4629.4
   286.2       4814
   290.2     4998.6
   294.2     5174.8
   298.2     5342.8
   302.2     5507.9
   306.2     5674.9
   310.2     5846.8
   314.2     6031.1
   318.2     6242.5
   322.2       6502
   326.2     6830.5
   330.2     7238.7
   334.2     7710.2
   338.2     8215.9
   342.2     8735.9
   346.2     9226.8
   350.2     9762.8
   354.2    10289.2
   358.2    10720.5
   362.3    11224.1



B. Ice age:

 depth(m)    ice age (yr BP 1950)
      86     730.1
    87.3     746.9
    88.5     763.6
    89.7     780.4
    90.9     797.2
      92     813.9
    93.2     830.5
    94.4       847
    95.5     863.4
    96.7     879.7
    97.8     895.9
    98.9     912.1
     100     928.3
   101.2     944.6
   102.3     961.1
   103.4     977.6
   104.6     994.2
   105.7    1010.5
   106.8    1026.6
   107.9    1042.7
     109      1059
   110.1    1075.2
   111.1    1091.5
   112.2    1107.9
   113.3    1124.3
   114.4    1140.8
   115.5    1157.4
   116.5      1174
   117.6    1190.8
   118.6    1207.9
   119.7      1225
   120.8    1242.2
   121.8    1259.8
   122.9    1277.8
   123.9    1295.9
     125    1314.1
     126    1332.7
   127.1    1351.4
   128.1      1370
   129.2    1388.5
   130.2    1407.3
   131.2    1426.3
   132.3      1445
   133.3    1463.6
   134.4    1482.2
   135.4    1500.9
   136.5    1519.5
   137.5    1537.9
   138.5      1556
   139.6    1573.9
   140.6    1591.7
   141.6    1609.4
   142.7    1626.8
   143.7    1644.1
   144.7    1661.2
   145.7    1678.1
   146.8    1694.6
   147.8      1711
   148.8    1727.5
   149.8    1743.9
   150.9    1760.3
   151.9    1776.6
   152.9    1793.1
   153.9    1809.6
   154.9    1826.2
     156    1842.9
     157    1859.6
     158    1876.5
     159    1893.5
     160    1910.6
     161    1927.7
   162.1    1945.1
   163.1    1962.8
   164.1    1980.5
   165.1    1998.3
   166.1      2017
   167.1    2036.8
   168.1    2056.8
   169.1    2077.2
   170.2    2098.8
   171.2    2121.7
   172.2      2145
   173.2    2168.6
   174.2    2193.2
   175.2      2219
   176.2    2244.7
   177.2    2270.3
   178.2    2296.7
   179.3    2323.9
   180.3      2351
   181.3    2378.2
   182.3      2406
   183.3    2434.1
   184.3    2462.3
   185.3    2490.5
   186.3    2519.3
   187.3    2548.5
   188.3    2577.7
   189.3    2606.7
   190.4    2635.8
   191.4      2665
   192.4    2694.1
   193.4    2723.2
   194.4    2752.3
   195.4    2781.6
   196.4    2810.8
   197.4    2839.9
   198.4    2868.9
   199.4    2897.8
   200.4    2926.4
   201.4    2954.9
   202.4      2983
   203.5    3010.9
   204.5    3038.5
   205.5      3066
   206.5    3093.6
   207.5    3121.2
   208.5    3148.4
   209.5    3175.7
   210.5    3203.4
   211.5    3231.3
   212.5      3259
   213.5    3286.9
   214.5    3315.4
   215.5    3344.4
   216.5    3373.3
   217.5    3402.5
   218.6    3431.9
   219.6    3461.4
   220.6    3490.9
   221.6    3520.3
   222.6    3549.6
   223.6      3579
   224.6    3608.4
   225.6    3637.6
   226.6    3666.2
   227.6    3694.6
   228.6      3723
   229.6      3751
   230.6    3778.4
   231.6    3805.5
   232.6    3832.5
   233.6    3859.3
   234.6      3886
   235.7    3912.7
   236.7    3939.3
   237.7      3966
   238.7    3992.9
   239.7    4020.1
   240.7    4047.4
   241.7    4074.9
   242.7    4102.9
   243.7    4130.9
   244.7    4158.9
   245.7    4186.9
   246.7    4215.2
   247.7    4243.7
   248.7    4272.2
   249.7    4300.6
   250.8    4328.8
   251.8    4357.3
   252.8    4385.9
   253.8    4414.9
   254.8    4444.3
   255.8    4474.3
   256.8    4504.4
   257.8    4534.8
   258.8    4565.6
   259.8    4596.7
   260.8      4628
   261.8    4659.4
   262.8    4691.3
   263.8    4723.4
   264.8    4755.4
   265.8    4788.2
   266.8    4821.8
   267.9    4855.7
   268.9    4889.6
   269.9    4924.9
   270.9    4961.8
   271.9    4999.1
   272.9    5036.2
   273.9    5074.7
   274.9      5115
   275.9    5155.8
   276.9    5196.5
   277.9    5238.6
   278.9    5282.7
   279.9    5327.3
   280.9    5371.8
   281.9    5417.1
   282.9    5463.7
   283.9    5510.6
   284.9    5557.4
   285.9    5604.1
   286.9    5650.6
     288    5697.3
     289    5743.8
     290    5789.3
     291    5833.8
     292    5878.1
     293    5922.3
     294    5965.5
     295    6007.8
     296    6050.3
     297      6093
     298    6135.2
     299    6177.2
     300    6219.5
     301    6262.3
     302    6305.5
     303    6349.4
     304    6393.8
     305    6438.7
     306    6484.6
     307    6531.7
     308    6579.1
     309    6626.8
     310    6676.5
     311    6728.2
     312    6780.3
   313.1    6832.7
   314.1    6888.4
   315.1    6947.6
   316.1    7007.4
   317.1    7067.1
   318.1    7132.1
   319.1    7203.1
   320.1    7274.9
   321.1    7346.6
   322.1      7426
   323.1    7514.1
   324.1    7603.5
   325.1    7693.4
   326.1    7792.7
   327.1    7902.5
   328.1    8013.9
   329.1    8125.8
   330.1    8245.7
   331.1    8373.8
   332.1    8502.4
   333.1    8630.8
   334.1    8761.6
   335.1    8894.5
   336.1    9026.4
   337.1    9157.7
   338.1    9290.6
   339.1    9425.8
   340.1    9561.1
   341.2    9695.7
   342.2    9826.2
   343.2    9951.2
   344.2   10075.6
   345.2   10201.2
   346.2   10331.7
   347.2   10467.7
   348.2   10603.6
   349.2   10739.5
   350.2   10873.8
   351.2   11006.9
   352.2   11139.9
   353.2     11273
